1 1 1 2
2 1 1 3
3 1 2 1
4 1 2 3
5 1 3 1
6 1 3 2
7 2 1 5
8 2 1 10
9 2 1 15
10 2 1 20
11 2 1 25
12 2 1 30
13 2 1 35
14 2 1 40
15 2 1 45
16 2 1 50
17 2 1 55
18 2 1 60
19 2 2 5
20 2 2 10
21 2 2 15
22 2 2 20
23 2 2 25
24 2 2 30
25 2 2 35
26 2 2 40
27 2 2 45
28 2 2 50
29 2 2 55
30 2 2 60
31 2 3 5
32 2 3 10
33 2 3 15
34 2 3 20
35 2 3 25
36 2 3 30
37 2 3 35
38 2 3 40
39 2 3 45
40 2 3 50
41 2 3 55
42 2 3 60
43 3 1 5
44 3 1 10
45 3 1 15
46 3 1 20
47 3 1 25
48 3 1 30
49 3 1 35
50 3 1 40
51 3 1 45
52 3 1 50
53 3 1 55
54 3 1 60
55 3 2 5
56 3 2 10
57 3 2 15
58 3 2 20
59 3 2 25
60 3 2 30
61 3 2 35
62 3 2 40
63 3 2 45
64 3 2 50
65 3 2 55
66 3 2 60
67 3 3 5
68 3 3 10
69 3 3 15
70 3 3 20
71 3 3 25
72 3 3 30
73 3 3 35
74 3 3 40
75 3 3 45
76 3 3 50
77 3 3 55
78 3 3 60
79 4 5
80 4 10
81 4 15
82 4 20
83 4 25
84 4 30
85 4 35
86 4 40
87 4 45
88 4 50
89 4 55
90 4 60
91 5 2
92 5 5
93 5 8
94 5 11
95 5 14
96 5 17
97 5 20
98 5 23
99 5 26
100 5 29
